0 1.8947 0  1.895  1.895  1.895  1.895  1.895  1.895  1.895  1.895  1.895  1.895  1.895  1.895  1.895  1.895  1.895  1.895  1.895  1.895  1.895  1.895 
0.10345 1.8935 0.0012548  1.896  1.893  1.895  1.895  1.892  1.891  1.894  1.894  1.893  1.895  1.893  1.894  1.895  1.895  1.893  1.894  1.893  1.892  1.892  1.893 
0.2069 1.8899 0.0025795  1.896  1.889  1.893  1.893  1.885  1.887  1.889  1.891  1.890  1.893  1.889  1.890  1.892  1.893  1.889  1.891  1.888  1.887  1.887  1.888 
0.31034 1.8835 0.0045004  1.892  1.880  1.889  1.888  1.876  1.880  1.881  1.891  1.885  1.876  1.883  1.885  1.887  1.890  1.882  1.884  1.881  1.880  1.880  1.881 
0.41379 1.8746 0.0068128  1.886  1.867  1.882  1.881  1.864  1.872  1.869  1.886  1.879  1.864  1.874  1.878  1.878  1.885  1.869  1.875  1.871  1.871  1.872  1.870 
0.51724 1.8634 0.0091904  1.876  1.850  1.872  1.870  1.849  1.859  1.854  1.880  1.872  1.848  1.862  1.868  1.866  1.878  1.856  1.862  1.865  1.861  1.862  1.857 
0.62069 1.8492 0.011317  1.860  1.831  1.858  1.856  1.832  1.844  1.835  1.869  1.862  1.831  1.847  1.855  1.851  1.867  1.843  1.847  1.857  1.849  1.850  1.840 
0.72414 1.832 0.012848  1.842  1.813  1.839  1.837  1.812  1.824  1.813  1.852  1.849  1.814  1.827  1.840  1.831  1.851  1.830  1.828  1.849  1.836  1.834  1.819 
0.82759 1.81 0.013519  1.819  1.797  1.818  1.816  1.791  1.796  1.788  1.826  1.830  1.798  1.802  1.821  1.805  1.808  1.818  1.806  1.836  1.822  1.813  1.791 
0.93103 1.7824 0.016651  1.787  1.772  1.788  1.792  1.768  1.763  1.761  1.793  1.802  1.794  1.751  1.796  1.772  1.778  1.793  1.780  1.811  1.806  1.788  1.753 
1.0345 1.7469 0.023362  1.742  1.735  1.752  1.766  1.741  1.725  1.732  1.757  1.777  1.770  1.722  1.776  1.714  1.742  1.713  1.753  1.772  1.787  1.759  1.701 
1.1379 1.7066 0.033458  1.719  1.694  1.709  1.737  1.705  1.700  1.702  1.715  1.726  1.743  1.696  1.742  1.636  1.700  1.653  1.701  1.727  1.768  1.726  1.633 
1.2414 1.656 0.044259  1.658  1.655  1.659  1.707  1.651  1.646  1.657  1.656  1.656  1.713  1.662  1.692  1.550  1.648  1.581  1.658  1.673  1.738  1.686  1.573 
1.3448 1.576 0.045392  1.616  1.622  1.597  1.572  1.610  1.537  1.588  1.604  1.596  1.604  1.589  1.611  1.537  1.552  1.445  1.524  1.594  1.614  1.610  1.500 
1.4483 1.4449 0.082804  1.543  1.529  1.521  1.437  1.556  1.398  1.482  1.479  1.485  1.468  1.440  1.492  1.391  1.279  1.214  1.423  1.394  1.465  1.506  1.398 
1.5517 1.2681 0.097724  1.291  1.343  1.397  1.224  1.371  1.163  1.407  1.331  1.260  1.319  1.302  1.354  1.236  1.183  0.973  1.283  1.235  1.305  1.211  1.174 
1.6552 1.0453 0.11567  1.184  1.016  1.064  0.914  1.096  0.934  1.265  1.015  1.046  1.161  1.080  1.074  0.987  1.135  0.696  1.014  1.058  1.132  0.959  1.076 
1.7586 0.83182 0.096759  0.917  0.912  0.779  0.870  0.749  0.817  0.912  0.777  0.698  0.891  0.877  0.772  0.764  0.989  0.557  0.836  0.919  0.922  0.790  0.890 
1.8621 0.67059 0.10488  0.697  0.807  0.596  0.734  0.497  0.777  0.592  0.566  0.504  0.669  0.569  0.708  0.647  0.785  0.545  0.597  0.827  0.738  0.723  0.833 
1.9655 0.52115 0.12686  0.523  0.607  0.454  0.758  0.406  0.629  0.381  0.414  0.354  0.456  0.296  0.590  0.414  0.773  0.524  0.540  0.490  0.571  0.541  0.698 
2.069 0.42778 0.10387  0.321  0.423  0.376  0.646  0.295  0.490  0.332  0.383  0.304  0.379  0.304  0.386  0.376  0.643  0.500  0.460  0.416  0.494  0.437  0.591 
2.1724 0.3609 0.11119  0.233  0.302  0.249  0.540  0.384  0.437  0.295  0.228  0.444  0.344  0.217  0.146  0.309  0.474  0.414  0.323  0.469  0.530  0.380  0.502 
2.2759 0.29553 0.11722  0.256  0.142  0.226  0.391  0.434  0.280  0.247  0.264  0.411  0.334  0.237  0.101  0.121  0.520  0.270  0.254  0.376  0.498  0.161  0.388 
2.3793 0.25635 0.10739  0.276  0.089  0.131  0.370  0.368  0.238  0.188  0.121  0.397  0.269  0.238  0.166  0.140  0.477  0.249  0.261  0.364  0.321  0.108  0.353 
2.4828 0.2428 0.10866  0.242  0.200  0.183  0.399  0.363  0.202  0.120  0.133  0.335  0.326  0.205  0.136  0.051  0.438  0.272  0.185  0.353  0.315  0.068  0.330 
2.5862 0.21118 0.11866  0.177  0.280  0.209  0.322  0.254  0.167  0.169  0.104  0.113  0.245  0.087  0.118  0.077  0.575  0.239  0.060  0.302  0.227  0.136  0.365 
2.6897 0.21457 0.10755  0.092  0.375  0.237  0.338  0.248  0.126  0.129  0.126  0.086  0.216  0.259  0.166  0.145  0.456  0.132  0.043  0.215  0.230  0.322  0.350 
2.7931 0.16387 0.086429  0.076  0.338  0.236  0.236  0.154  0.085  0.155  0.121  0.067  0.066  0.144  0.127  0.215  0.235  0.139  0.002  0.226  0.195  0.120  0.340 
2.8966 0.13086 0.078608  0.146  0.312  0.018  0.185  0.175  0.114  0.111  0.000  0.107  0.039  0.092  0.096  0.164  0.167  0.088  0.129  0.174  0.152  0.047  0.303 
3 0.13268 0.07845  0.156  0.155  0.068  0.164  0.238  0.175  0.220  0.018  0.176  0.028  0.023  0.160  0.105  0.039  0.062  0.124  0.101  0.140  0.167  0.335 
